0.000,-35.37,-17.11
0.033,-38.81,-17.11
0.067,-42.54,-17.11
0.100,-46.60,-17.22
0.133,-50.94,-17.48
0.167,-55.67,-17.37
0.200,-60.50,-17.31
0.233,-65.53,-17.36
0.267,-70.75,-17.47
0.300,-76.09,-17.56
0.333,-81.74,-17.36
0.367,-87.31,-17.40
0.400,-92.94,-17.45
0.433,-98.68,-17.32
0.467,-104.3,-17.29
0.500,-109.8,-17.10
0.533,-115.2,-17.30
0.567,-120.6,-17.28
0.600,-125.9,-17.37
0.633,-131.0,-17.42
0.667,-136.1,-17.34
0.700,-140.9,-17.36
0.733,-145.3,-17.32
0.767,-149.5,-17.10
0.800,-153.4,-17.10
0.833,-157.1,-17.21
0.867,-160.5,-17.26
0.900,-163.3,-17.13
0.933,-166.0,-17.12
0.967,-168.3,-17.19
1.000,-170.2,-17.18
1.033,-171.8,-17.11
1.067,-172.7,-17.09
1.100,-173.3,-17.15
1.133,-173.6,-17.14
1.167,-173.3,-17.13
1.200,-172.8,-17.05
1.233,-171.6,-17.09
1.267,-170.2,-17.23
1.300,-168.4,-17.26
1.333,-166.2,-17.22
1.367,-163.6,-17.21
1.400,-160.7,-17.20
1.433,-157.3,-17.22
1.467,-153.7,-17.13
1.500,-149.7,-17.15
1.533,-145.5,-17.26
1.567,-141.0,-17.39
1.600,-136.3,-17.35
1.633,-131.4,-17.36
1.667,-126.2,-17.46
1.700,-121.0,-17.53
1.733,-115.6,-17.37
1.767,-110.1,-17.44
1.800,-104.5,-17.33
1.833,-98.81,-17.28
1.867,-93.08,-17.39
1.900,-87.54,-17.21
1.933,-82.01,-17.29
1.967,-76.54,-17.12
2.000,-71.14,-17.17
2.033,-66.07,-17.08
2.067,-61.18,-17.00
2.100,-56.36,-16.91
2.133,-51.78,-16.79
2.167,-47.33,-16.80
2.200,-43.32,-16.75
2.233,-39.52,-16.67
2.267,-36.01,-16.83
2.300,-32.72,-16.46
2.333,-29.85,-16.12
2.367,-27.23,-16.14
2.400,-25.21,-16.11
2.433,-23.53,-15.99
2.467,-22.18,-15.94
2.500,-21.33,-15.92
2.533,-20.85,-15.94
2.567,-20.65,-15.99
2.600,-20.95,-16.08
2.633,-21.78,-15.96
2.667,-22.83,-16.08
2.700,-24.29,-16.26
2.733,-26.25,-16.26
2.767,-28.58,-16.16
2.800,-31.26,-16.33
2.833,-34.25,-16.46
2.867,-37.66,-16.38
2.900,-41.33,-16.39
2.933,-45.34,-16.51
2.967,-49.52,-16.54
3.000,-54.05,-16.60
3.033,-58.86,-16.42
3.067,-63.72,-16.49
3.100,-68.88,-16.82
3.133,-74.26,-16.99
3.167,-79.73,-17.00
3.200,-85.22,-17.20
3.233,-90.84,-17.18
3.267,-96.35,-17.45
3.300,-101.9,-17.46
3.333,-107.6,-17.32
3.367,-113.2,-17.46
3.400,-118.6,-17.35
3.433,-123.9,-17.40
3.467,-129.2,-17.32
3.500,-134.3,-17.31
3.533,-139.1,-17.34
3.567,-143.8,-17.14
3.600,-148.1,-17.21
3.633,-152.2,-17.18
3.667,-155.9,-17.20
3.700,-159.5,-17.14
3.733,-162.6,-17.04
3.767,-165.3,-17.07
3.800,-167.7,-17.02
3.833,-169.6,-17.06
3.867,-171.1,-17.06
3.900,-172.4,-17.06
3.933,-173.1,-17.16
3.967,-173.5,-17.15
4.000,-173.4,-17.12
4.033,-172.9,-17.16
4.067,-172.2,-17.18
4.100,-170.9,-17.26
4.133,-169.3,-17.21
4.167,-167.3,-17.14
4.200,-164.9,-17.12
4.233,-162.2,-17.17
4.267,-159.1,-17.18
4.300,-155.6,-17.12
4.333,-151.8,-17.12
4.367,-147.5,-17.17
4.400,-143.1,-17.21
4.433,-138.4,-17.12
4.467,-133.5,-17.16
4.500,-128.4,-17.12
4.533,-123.1,-17.20
4.567,-117.8,-17.10
4.600,-112.2,-17.10
4.633,-106.6,-17.04
4.667,-100.9,-17.18
4.700,-95.42,-17.08
4.733,-89.74,-16.93
4.767,-84.09,-16.98
4.800,-78.64,-16.80
4.833,-73.19,-16.89
4.867,-68.01,-16.82
4.900,-63.01,-16.88
4.933,-58.20,-16.95
4.967,-53.51,-16.93
5.000,-49.02,-17.00
5.033,-44.88,-17.03
5.067,-41.05,-17.01
5.100,-37.44,-16.90
5.133,-34.11,-16.95
5.167,-31.15,-16.88
5.200,-28.60,-16.84
5.233,-26.32,-16.90
5.267,-24.43,-16.86
5.300,-22.99,-16.88
5.333,-22.02,-16.89
5.367,-21.42,-16.90
5.400,-21.21,-16.95
5.433,-21.42,-16.89
5.467,-22.01,-17.01
5.500,-23.16,-17.05
5.533,-24.60,-16.97
5.567,-26.34,-17.07
5.600,-28.58,-17.05
5.633,-31.13,-17.21
5.667,-34.13,-17.23
5.700,-37.38,-17.20
5.733,-40.95,-17.27
5.767,-44.92,-17.30
5.800,-49.12,-17.26
5.833,-53.53,-17.24
5.867,-58.18,-17.32
5.900,-63.08,-17.45
5.933,-68.17,-17.48
5.967,-73.42,-17.41
6.000,-78.73,-17.39
6.033,-84.14,-17.48
6.067,-89.69,-17.40
6.100,-95.18,-17.48
6.133,-100.8,-17.33
6.167,-106.3,-17.31
6.200,-111.9,-17.29
6.233,-117.2,-17.33
6.267,-122.6,-17.29
6.300,-127.7,-17.22
6.333,-132.6,-17.26
6.367,-137.4,-17.31
6.400,-142.1,-17.30
6.433,-146.6,-17.22
6.467,-150.6,-17.23
6.500,-154.4,-17.24
6.533,-157.8,-17.20
6.567,-160.8,-17.10
6.600,-163.5,-17.04
6.633,-166.0,-17.12
6.667,-168.2,-17.14
6.700,-169.9,-17.06
6.733,-171.1,-17.13
6.767,-172.1,-17.13
6.800,-172.6,-17.14
6.833,-172.5,-17.10
6.867,-172.2,-17.17
6.900,-171.5,-17.15
6.933,-170.4,-17.25
6.967,-168.8,-17.18
7.000,-166.7,-17.19
7.033,-164.3,-17.26
7.067,-161.7,-17.28
7.100,-158.5,-17.27
7.133,-155.2,-17.27
7.167,-151.5,-17.23
7.200,-147.5,-17.24
7.233,-143.2,-17.28
7.267,-138.6,-17.15
7.300,-133.9,-17.20
7.333,-129.0,-17.16
7.367,-124.0,-17.14
7.400,-118.7,-17.08
7.433,-113.3,-17.08
7.467,-107.8,-17.03
7.500,-102.2,-17.07
7.533,-96.59,-16.93
7.567,-91.02,-16.97
7.600,-85.53,-16.99
7.633,-80.07,-17.01
7.667,-74.69,-16.93
7.700,-69.36,-16.92
7.733,-64.26,-16.89
7.767,-59.33,-16.86
7.800,-54.58,-16.74
7.833,-50.06,-16.87
7.867,-45.90,-16.76
7.900,-42.04,-16.75
7.933,-38.34,-16.71
7.967,-34.97,-16.77
8.000,-31.96,-16.68
8.033,-29.28,-16.73
8.067,-26.96,-16.75
8.100,-25.07,-16.77
8.133,-23.55,-16.65
8.167,-22.30,-16.80
8.200,-21.51,-16.81
8.233,-21.12,-16.95
8.267,-21.20,-16.96
8.300,-21.67,-16.90
8.333,-22.48,-17.03
8.367,-23.73,-17.03
8.400,-25.31,-17.16
8.433,-27.32,-17.19
8.467,-29.78,-17.16
8.500,-32.48,-17.25
8.533,-35.59,-17.25
8.567,-39.05,-17.37
8.600,-42.92,-17.50
8.633,-47.07,-17.54
8.667,-51.48,-17.46
8.700,-56.11,-17.57
8.733,-61.13,-17.62
8.767,-66.25,-17.84
8.800,-71.41,-17.96
8.833,-76.76,-17.97
8.867,-82.10,-18.18
8.900,-87.62,-18.15
8.933,-93.14,-18.26
8.967,-98.85,-18.09
9.000,-104.4,-18.17
9.033,-109.9,-18.28
9.067,-115.4,-18.00
9.100,-120.8,-17.98
9.133,-125.9,-18.13
9.167,-131.1,-18.17
9.200,-136.1,-18.13
9.233,-140.8,-17.98
9.267,-145.2,-18.17
9.300,-149.4,-18.15
9.333,-153.3,-18.11
9.367,-157.0,-18.12
9.400,-160.3,-18.01
9.433,-163.3,-18.01
9.467,-165.9,-18.02
9.500,-168.2,-17.99
9.533,-170.1,-17.96
9.567,-171.5,-17.97
9.600,-172.5,-17.98
9.633,-173.1,-18.03
9.667,-173.2,-18.03
9.700,-173.1,-18.06
9.733,-172.4,-18.06
9.767,-171.4,-18.10
9.800,-170.0,-18.15
9.833,-168.2,-18.18
9.867,-165.9,-18.18
9.900,-163.4,-18.20
9.933,-160.4,-18.18
9.967,-157.1,-18.23
10.000,-153.5,-18.10
10.033,-149.5,-18.07
10.067,-145.3,-18.15
10.100,-140.9,-18.25
10.133,-136.2,-18.14
10.167,-131.3,-18.09
10.200,-126.3,-18.13
10.233,-121.0,-18.27
10.267,-115.6,-18.13
10.300,-110.1,-18.24
10.333,-104.6,-18.10
10.367,-99.02,-18.22
10.400,-93.54,-18.03
10.433,-88.02,-18.13
10.467,-82.62,-17.94
10.500,-77.12,-18.03
10.533,-71.82,-17.83
10.567,-66.52,-17.76
10.600,-61.48,-17.77
10.633,-56.52,-17.59
10.667,-51.94,-17.53
10.700,-47.69,-17.16
10.733,-43.58,-17.06
10.767,-39.78,-16.94
10.800,-36.26,-16.96
10.833,-33.21,-16.93
10.867,-30.42,-16.82
10.900,-28.07,-16.86
10.933,-26.11,-16.81
10.967,-24.47,-16.72
11.000,-23.22,-16.84
11.033,-22.36,-16.86
11.067,-21.94,-16.94
11.100,-22.03,-16.95
11.133,-22.38,-16.92
11.167,-23.18,-17.06
11.200,-24.37,-17.04
11.233,-25.89,-17.18
11.267,-27.95,-17.20
11.300,-30.32,-17.18
11.333,-32.97,-17.29
11.367,-36.07,-17.32
11.400,-39.44,-17.27
11.433,-43.12,-17.38
11.467,-47.07,-17.39
11.500,-51.29,-17.39
11.533,-55.76,-17.27
11.567,-60.39,-17.37
11.600,-65.25,-17.38
11.633,-70.36,-17.43
11.667,-75.58,-17.39
11.700,-81.05,-17.64
11.733,-86.55,-17.67
11.767,-92.06,-17.95
11.800,-97.54,-17.98
11.833,-103.1,-18.09
11.867,-108.6,-18.05
11.900,-114.0,-18.22
11.933,-119.4,-18.21
11.967,-124.7,-18.16
12.000,-129.7,-18.16
12.033,-134.5,-18.16
12.067,-139.2,-18.21
12.100,-143.8,-18.10
12.133,-148.0,-18.22
12.167,-152.1,-18.16
12.200,-155.8,-18.01
12.233,-159.1,-18.10
12.267,-162.2,-18.06
12.300,-164.9,-18.09
12.333,-167.3,-18.03
12.367,-169.3,-17.96
12.400,-170.9,-18.05
12.433,-172.2,-18.01
12.467,-173.0,-18.07
12.500,-173.4,-18.04
12.533,-173.3,-18.02
12.567,-172.9,-17.96
12.600,-171.7,-17.98
12.633,-170.4,-18.08
12.667,-168.6,-18.11
12.700,-166.4,-18.16
12.733,-163.9,-18.21
12.767,-161.2,-18.21
12.800,-158.1,-18.17
12.833,-154.6,-18.10
12.867,-150.7,-18.09
12.900,-146.5,-18.12
12.933,-142.1,-18.14
12.967,-137.5,-18.08
13.000,-132.6,-18.08
13.033,-127.5,-18.06
13.067,-122.3,-18.06
13.100,-117.0,-18.09
13.133,-111.6,-18.07
13.167,-106.1,-18.09
13.200,-100.6,-17.92
13.233,-94.96,-17.99
13.267,-89.44,-17.85
13.300,-84.00,-17.88
13.333,-78.50,-17.54
13.367,-73.15,-17.39
13.400,-67.99,-17.30
13.433,-63.03,-17.20
13.467,-58.27,-17.01
13.500,-53.63,-16.92
13.533,-49.15,-17.06
13.567,-45.04,-17.12
13.600,-41.26,-17.00
13.633,-37.69,-16.87
13.667,-34.37,-16.94
13.700,-31.43,-16.91
13.733,-28.88,-16.99
13.767,-26.80,-16.77
13.800,-24.91,-16.98
13.833,-23.57,-16.89
13.867,-22.50,-16.83
13.900,-21.85,-16.84
13.933,-21.51,-16.91
13.967,-21.73,-16.92
14.000,-22.34,-17.03
14.033,-23.37,-17.06
14.067,-24.85,-16.97
14.100,-26.57,-17.05
14.133,-28.79,-17.05
14.167,-31.31,-17.22
14.200,-34.24,-17.27
14.233,-37.55,-17.21
14.267,-41.14,-17.29
14.300,-45.08,-17.35
14.333,-49.34,-17.32
14.367,-53.75,-17.18
14.400,-58.31,-17.29
14.433,-63.21,-17.38
14.467,-68.24,-17.36
14.500,-73.51,-17.33
14.533,-78.80,-17.40
14.567,-84.18,-17.48
14.600,-89.72,-17.38
14.633,-95.22,-17.49
14.667,-100.8,-17.43
14.700,-106.2,-17.48
14.733,-111.7,-17.36
14.767,-117.0,-17.41
14.800,-122.3,-17.33
14.833,-127.5,-17.30
14.867,-132.4,-17.26
14.900,-137.2,-17.25
14.933,-141.8,-17.17
14.967,-146.0,-17.26
15.000,-150.2,-17.27
15.033,-154.0,-17.19
15.067,-157.5,-17.17
15.100,-160.5,-17.16
15.133,-163.4,-17.13
15.167,-165.8,-17.03
15.200,-167.7,-17.03
15.233,-169.2,-17.12
15.267,-170.5,-17.12
15.300,-171.3,-17.16
15.333,-171.7,-17.13
15.367,-171.7,-17.15
15.400,-171.3,-17.16
15.433,-170.5,-17.13
15.467,-169.3,-17.16
15.500,-167.8,-17.11
15.533,-165.8,-17.19
15.567,-163.4,-17.21
15.600,-160.7,-17.17
15.633,-157.6,-17.20
15.667,-154.3,-17.24
15.700,-150.6,-17.23
15.733,-146.6,-17.21
15.767,-142.4,-17.22
15.800,-137.9,-17.27
15.833,-133.2,-17.16
15.867,-128.3,-17.09
15.900,-123.2,-17.12
15.933,-118.0,-17.13
15.967,-112.8,-17.05
16.000,-107.2,-17.10
16.033,-101.8,-16.99
16.067,-96.24,-17.03
16.100,-90.74,-16.96
16.133,-85.19,-16.96
16.167,-79.83,-16.85
16.200,-74.37,-16.90
16.233,-69.18,-16.82
16.267,-64.17,-16.87
16.300,-59.36,-16.84
16.333,-54.62,-16.82
16.367,-50.13,-16.76
16.400,-45.97,-16.78
16.433,-42.14,-16.78
16.467,-38.49,-16.67
16.500,-35.18,-16.69
16.533,-32.24,-16.64
16.567,-29.51,-16.60
16.600,-27.19,-16.35
16.633,-25.29,-16.23
16.667,-23.78,-16.12
16.700,-22.50,-16.08
16.733,-21.71,-16.01
16.767,-21.32,-16.10
16.800,-21.33,-16.11
16.833,-21.78,-16.10
16.867,-22.51,-16.17
16.900,-23.75,-16.18
16.933,-25.43,-16.30
16.967,-27.48,-16.36
17.000,-29.89,-16.49
17.033,-32.77,-16.37
17.067,-35.82,-16.39
17.100,-39.22,-16.60
17.133,-43.18,-16.69
17.167,-47.31,-16.96
17.200,-51.62,-16.99
17.233,-56.14,-17.26
17.267,-61.00,-17.35
17.300,-66.06,-17.41
17.333,-71.30,-17.41
17.367,-76.59,-17.40
17.400,-82.02,-17.61
17.433,-87.51,-17.45
17.467,-93.06,-17.53
17.500,-98.70,-17.46
17.533,-104.1,-17.46
17.567,-109.7,-17.32
17.600,-115.1,-17.27
17.633,-120.4,-17.25
17.667,-125.6,-17.22
17.700,-130.6,-17.22
17.733,-135.4,-17.25
17.767,-140.0,-17.25
17.800,-144.5,-17.18
17.833,-148.7,-17.18
17.867,-152.6,-17.24
17.900,-156.2,-17.25
17.933,-159.5,-17.21
17.967,-162.4,-17.15
18.000,-164.9,-17.11
18.033,-167.2,-17.11
18.067,-169.0,-17.09
18.100,-170.5,-17.09
18.133,-171.5,-17.10
18.167,-172.1,-17.11
18.200,-172.3,-17.10
18.233,-172.1,-17.15
18.267,-171.5,-17.16
18.300,-170.3,-17.17
18.333,-168.9,-17.20
18.367,-166.9,-17.24
18.400,-164.8,-17.22
18.433,-162.1,-17.27
18.467,-159.2,-17.26
18.500,-156.1,-17.26
18.533,-152.4,-17.26
18.567,-148.4,-17.13
18.600,-144.3,-17.15
18.633,-139.9,-17.23
18.667,-135.2,-17.27
18.700,-130.4,-17.20
18.733,-125.3,-17.20
18.767,-120.1,-17.22
18.800,-114.9,-17.20
18.833,-109.5,-17.23
18.867,-104.0,-17.26
18.900,-98.55,-17.18
18.933,-92.99,-17.23
18.967,-87.58,-17.12
19.000,-82.11,-17.15
19.033,-76.82,-16.99
19.067,-71.47,-17.05
19.100,-66.36,-17.01
19.133,-61.48,-16.99
19.167,-56.72,-16.89
19.200,-52.11,-16.98
19.233,-47.88,-16.93
19.267,-44.00,-16.95
19.300,-40.38,-16.79
19.333,-36.92,-16.91
19.367,-33.98,-16.89
19.400,-31.30,-16.78
19.433,-29.01,-16.83
19.467,-27.02,-16.87
19.500,-25.42,-16.77
19.533,-24.22,-16.81
19.567,-23.40,-16.79
19.600,-22.98,-16.96
19.633,-23.04,-16.99
19.667,-23.45,-16.94
19.700,-24.22,-16.98
19.733,-25.38,-17.02
19.767,-26.91,-17.16
19.800,-29.01,-17.21
19.833,-31.32,-17.15
19.867,-33.99,-17.34
19.900,-37.07,-17.38
19.933,-40.46,-17.31
19.967,-44.08,-17.48
20.000,-48.01,-17.44
20.033,-52.27,-17.40
20.067,-56.67,-17.31
20.100,-61.30,-17.42
20.133,-66.14,-17.54
20.167,-71.20,-17.48
20.200,-76.36,-17.50
20.233,-81.62,-17.43
20.267,-87.02,-17.59
20.300,-92.52,-17.53
20.333,-97.95,-17.52
20.367,-103.5,-17.42
20.400,-108.9,-17.52
20.433,-114.4,-17.44
20.467,-119.7,-17.40
20.500,-124.8,-17.35
20.533,-129.7,-17.30
20.567,-134.6,-17.26
20.600,-139.2,-17.33
20.633,-143.7,-17.29
20.667,-147.9,-17.26
20.700,-151.6,-17.27
20.733,-155.3,-17.24
20.767,-158.7,-17.19
20.800,-161.6,-17.15
20.833,-164.3,-17.15
20.867,-166.5,-17.10
20.900,-168.4,-17.12
20.933,-169.9,-17.12
20.967,-171.1,-17.17
21.000,-171.9,-17.17
21.033,-172.3,-17.10
21.067,-172.2,-17.14
21.100,-171.7,-17.14
21.133,-170.7,-17.12
21.167,-169.3,-17.14
21.200,-167.6,-17.17
21.233,-165.5,-17.24
21.267,-163.0,-17.28
21.300,-160.3,-17.25
21.333,-157.2,-17.26
21.367,-153.7,-17.26
21.400,-149.9,-17.29
21.433,-145.9,-17.23
21.467,-141.4,-17.25
21.500,-136.8,-17.22
21.533,-131.9,-17.25
21.567,-127.2,-17.24
21.600,-122.1,-17.26
21.633,-116.8,-17.17
21.667,-111.3,-17.14
21.700,-105.9,-17.16
21.733,-100.4,-17.13
21.767,-94.86,-17.04
21.800,-89.20,-17.04
21.833,-83.83,-16.83
21.867,-78.38,-16.85
21.900,-73.10,-16.83
21.933,-68.03,-16.87
21.967,-63.08,-16.84
22.000,-58.31,-16.84
22.033,-53.79,-16.72
22.067,-49.32,-16.85
22.100,-45.26,-16.91
22.133,-41.52,-16.88
22.167,-37.93,-16.99
22.200,-34.83,-16.81
22.233,-31.87,-17.02
22.267,-29.46,-16.93
22.300,-27.29,-16.95
22.333,-25.56,-16.91
22.367,-24.15,-16.94
22.400,-23.22,-16.98
22.433,-22.67,-16.91
22.467,-22.45,-16.98
22.500,-22.61,-16.95
22.533,-23.20,-17.11
22.567,-24.28,-17.11
22.600,-25.76,-17.03
22.633,-27.49,-17.15
22.667,-29.67,-17.14
22.700,-32.18,-17.28
22.733,-35.14,-17.30
22.767,-38.44,-17.28
22.800,-42.01,-17.47
22.833,-45.99,-17.49
22.867,-50.16,-17.43
22.900,-54.51,-17.33
22.933,-59.11,-17.41
22.967,-64.02,-17.50
23.000,-69.09,-17.46
23.033,-74.29,-17.40
23.067,-79.56,-17.37
23.100,-84.90,-17.53
23.133,-90.43,-17.49
23.167,-95.91,-17.56
23.200,-101.5,-17.46
23.233,-107.0,-17.53
23.267,-112.4,-17.44
23.300,-117.7,-17.40
23.333,-122.9,-17.41
23.367,-128.0,-17.37
23.400,-133.0,-17.33
23.433,-137.8,-17.27
23.467,-142.3,-17.28
23.500,-146.5,-17.22
23.533,-150.4,-17.22
23.567,-154.1,-17.23
23.600,-157.5,-17.18
23.633,-160.6,-17.14
23.667,-163.2,-17.14
23.700,-165.6,-17.14
23.733,-167.6,-17.07
23.767,-169.1,-17.09
23.800,-170.4,-17.08
23.833,-171.2,-17.11
23.867,-171.7,-17.14
23.900,-171.6,-17.14
23.933,-171.2,-17.18
23.967,-170.4,-17.17
24.000,-169.2,-17.21
24.033,-167.6,-17.18
24.067,-165.6,-17.20
24.100,-163.2,-17.26
24.133,-160.5,-17.22
24.167,-157.5,-17.19
24.200,-154.1,-17.27
24.233,-150.4,-17.27
24.267,-146.5,-17.26
24.300,-142.3,-17.27
24.333,-137.9,-17.25
24.367,-133.3,-17.15
24.400,-128.4,-17.15
24.433,-123.3,-17.16
24.467,-118.1,-17.18
24.500,-112.9,-17.16
24.533,-107.6,-17.08
24.567,-102.0,-17.13
24.600,-96.57,-17.02
24.633,-91.09,-17.07
24.667,-85.62,-16.97
24.700,-80.25,-16.96
24.733,-74.99,-16.91
24.767,-69.87,-16.90
24.800,-64.98,-16.91
24.833,-60.21,-16.77
24.867,-55.55,-16.70
24.900,-51.08,-16.84
24.933,-47.03,-16.74
24.967,-43.21,-16.74
25.000,-39.60,-16.68
25.033,-36.27,-16.79
25.067,-33.33,-16.72
25.100,-30.68,-16.67
25.133,-28.36,-16.77
25.167,-26.45,-16.76
25.200,-24.91,-16.88
25.233,-23.92,-16.96
25.267,-23.26,-16.91
25.300,-22.98,-17.01
25.333,-23.16,-17.03
25.367,-23.65,-16.97
25.400,-24.48,-16.99
25.433,-25.69,-17.04
25.467,-27.27,-17.15
25.500,-29.33,-17.25
25.533,-31.73,-17.22
25.567,-34.39,-17.32
25.600,-37.48,-17.32
25.633,-40.93,-17.61
25.667,-44.75,-17.42
25.700,-48.65,-17.43
25.733,-53.09,-17.64
25.767,-57.67,-17.74
25.800,-62.32,-18.01
25.833,-67.29,-18.14
25.867,-72.45,-18.21
25.900,-77.66,-18.22
25.933,-82.92,-18.45
25.967,-88.48,-18.35
26.000,-93.98,-18.42
26.033,-99.57,-18.30
26.067,-105.0,-18.39
26.100,-110.4,-18.33
26.133,-115.7,-18.16
26.167,-120.9,-18.29
26.200,-126.1,-18.21
26.233,-131.1,-18.22
26.267,-136.0,-18.22
26.300,-140.6,-18.14
26.333,-144.9,-18.19
26.367,-149.1,-18.10
26.400,-153.0,-18.15
26.433,-156.5,-18.16
26.467,-159.7,-18.12
26.500,-162.5,-18.10
26.533,-165.0,-18.16
26.567,-167.2,-18.11
26.600,-169.0,-18.07
26.633,-170.4,-18.04
26.667,-171.4,-18.07
26.700,-172.0,-18.11
26.733,-172.2,-18.10
26.767,-172.0,-18.12
26.800,-171.3,-18.12
26.833,-170.2,-18.14
26.867,-168.8,-18.12
26.900,-166.8,-18.15
26.933,-164.5,-18.17
26.967,-161.9,-18.24
27.000,-159.0,-18.28
27.033,-155.8,-18.17
27.067,-152.1,-18.19
27.100,-148.3,-18.16
27.133,-144.1,-18.14
27.167,-139.8,-18.08
27.200,-135.0,-18.21
27.233,-130.3,-18.14
27.267,-125.2,-18.14
27.300,-120.1,-18.16
27.333,-114.9,-18.11
27.367,-109.5,-18.03
27.400,-104.1,-18.15
27.433,-98.65,-18.09
27.467,-93.15,-18.14
27.500,-87.76,-18.00
27.533,-82.27,-18.05
27.567,-76.97,-18.05
27.600,-71.82,-17.85
27.633,-66.68,-17.83
27.667,-61.76,-17.79
27.700,-57.00,-17.89
27.733,-52.66,-17.74
27.767,-48.36,-17.78
27.800,-44.43,-17.65
27.833,-40.56,-17.58
27.867,-37.17,-17.39
27.900,-34.17,-17.26
27.933,-31.53,-17.06
27.967,-29.14,-17.09
28.000,-27.27,-17.00
28.033,-25.59,-16.92
28.067,-24.39,-16.91
28.100,-23.57,-16.86
28.133,-23.14,-16.99
28.167,-23.20,-16.97
28.200,-23.57,-16.96
28.233,-24.32,-17.05
28.267,-25.49,-17.05
28.300,-27.07,-17.15
28.333,-29.10,-17.21
28.367,-31.42,-17.22
28.400,-34.08,-17.27
28.433,-37.14,-17.31
28.467,-40.46,-17.27
28.500,-44.07,-17.43
28.533,-48.10,-17.39
28.567,-52.32,-17.44
28.600,-56.75,-17.41
28.633,-61.33,-17.48
28.667,-66.11,-17.49
28.700,-71.22,-17.47
28.733,-76.40,-17.52
28.767,-81.63,-17.48
28.800,-86.96,-17.55
28.833,-92.47,-17.53
28.867,-97.84,-17.48
28.900,-103.2,-17.50
28.933,-108.6,-17.43
28.967,-113.9,-17.51
29.000,-119.2,-17.40
29.033,-124.4,-17.32
29.067,-129.4,-17.38
29.100,-134.2,-17.31
29.133,-138.9,-17.27
29.167,-143.4,-17.27
29.200,-147.5,-17.26
29.233,-151.4,-17.20
29.267,-154.9,-17.23
29.300,-158.4,-17.18
29.333,-161.3,-17.18
29.367,-164.0,-17.16
29.400,-166.3,-17.13
29.433,-168.2,-17.12
29.467,-169.6,-17.16
29.500,-170.7,-17.14
29.533,-171.3,-17.16
29.567,-171.6,-17.16
29.600,-171.5,-17.18
29.633,-171.0,-17.16
29.667,-170.1,-17.17
29.700,-168.9,-17.16
29.733,-167.0,-17.20
29.767,-165.1,-17.17
29.800,-162.7,-17.20
29.833,-159.8,-17.25
29.867,-156.5,-17.30
29.900,-153.1,-17.31
29.933,-149.3,-17.30
29.967,-145.3,-17.29
30.000,-141.0,-17.29
30.033,-136.5,-17.26
30.067,-131.7,-17.22
30.100,-126.7,-17.22
30.133,-121.5,-17.21
30.167,-116.2,-17.22
30.200,-111.0,-17.21
30.233,-105.5,-17.08
30.267,-100.1,-17.13
30.300,-94.57,-17.06
30.333,-89.12,-17.02
30.367,-83.77,-16.84
30.400,-78.32,-16.84
30.433,-73.14,-16.88
30.467,-68.05,-16.87
30.500,-63.23,-16.90
30.533,-58.44,-16.81
30.567,-53.89,-16.93
30.600,-49.71,-16.81
30.633,-45.61,-16.80
30.667,-41.79,-16.81
30.700,-38.21,-16.97
30.733,-35.11,-16.99
30.767,-32.32,-16.95
30.800,-29.88,-17.04
30.833,-27.82,-16.84
30.867,-26.00,-17.02
30.900,-24.73,-16.87
30.933,-23.73,-16.88
30.967,-23.09,-17.03
31.000,-22.97,-17.09
31.033,-23.29,-17.06
31.067,-23.98,-17.11
31.100,-25.10,-17.18
31.133,-26.58,-17.11
31.167,-28.38,-17.19
31.200,-30.56,-17.18
31.233,-33.12,-17.35
31.267,-36.07,-17.39
31.300,-39.40,-17.35
31.333,-42.98,-17.48
31.367,-46.87,-17.59
31.400,-51.10,-17.52
31.433,-55.45,-17.40
31.467,-60.02,-17.51
31.500,-64.86,-17.33
31.533,-69.71,-17.36
31.567,-74.74,-17.38
31.600,-79.89,-17.50
31.633,-85.32,-17.45
31.667,-90.72,-17.38
31.700,-96.11,-17.48
31.733,-101.6,-17.45
31.767,-107.0,-17.52
31.800,-112.4,-17.45
31.833,-117.7,-17.37
31.867,-122.8,-17.34
31.900,-127.7,-17.35
31.933,-132.6,-17.34
31.967,-137.2,-17.32
32.000,-141.7,-17.27
32.033,-145.9,-17.23
32.067,-149.7,-17.21
32.100,-153.3,-17.18
32.133,-156.6,-17.18
32.167,-159.6,-17.17
32.200,-162.2,-17.15
32.233,-164.6,-17.12
32.267,-166.5,-17.16
32.300,-168.1,-17.12
32.333,-169.3,-17.10
32.367,-170.2,-17.15
32.400,-170.5,-17.14
32.433,-170.5,-17.16
32.467,-170.1,-17.15
32.500,-169.3,-17.17
32.533,-168.1,-17.20
32.567,-166.6,-17.20
32.600,-164.6,-17.19
32.633,-162.3,-17.22
32.667,-159.6,-17.18
32.700,-156.6,-17.18
32.733,-153.1,-17.20
32.767,-149.5,-17.18
32.800,-145.5,-17.18
32.833,-141.3,-17.19
32.867,-136.9,-17.21
32.900,-132.4,-17.19
32.933,-127.5,-17.20
32.967,-122.4,-17.18
33.000,-117.2,-17.21
33.033,-112.0,-17.17
33.067,-106.8,-17.03
33.100,-101.3,-17.03
33.133,-95.91,-17.09
33.167,-90.59,-16.99
33.200,-85.09,-17.07
33.233,-79.83,-16.91
33.267,-74.49,-16.94
33.300,-69.37,-16.95
33.333,-64.48,-16.90
33.367,-59.67,-16.81
33.400,-55.09,-16.84
33.433,-50.72,-16.78
33.467,-46.56,-16.77
33.500,-42.66,-16.77
33.533,-39.08,-16.84
33.567,-35.91,-16.90
33.600,-33.11,-16.78
33.633,-30.60,-16.75
33.667,-28.29,-16.81
33.700,-26.46,-16.76
33.733,-25.05,-16.88
33.767,-24.07,-16.92
33.800,-23.40,-16.88
33.833,-23.13,-16.98
33.867,-23.27,-16.99
33.900,-23.79,-16.92
33.933,-24.59,-17.02
33.967,-25.83,-16.99
34.000,-27.41,-17.17
34.033,-29.43,-17.17
34.067,-31.79,-17.18
34.100,-34.52,-17.35
34.133,-37.60,-17.34
34.167,-41.03,-17.56
34.200,-44.81,-17.37
34.233,-48.73,-17.44
34.267,-53.09,-17.64
34.300,-57.65,-17.81
34.333,-62.33,-18.02
34.367,-67.26,-18.21
34.400,-72.36,-18.22
34.433,-77.56,-18.22
34.467,-82.80,-18.22
34.500,-88.11,-18.39
34.533,-93.59,-18.28
34.567,-99.03,-18.37
34.600,-104.5,-18.28
34.633,-109.9,-18.31
34.667,-115.4,-18.18
34.700,-120.6,-18.22
34.733,-125.7,-18.14
34.767,-130.4,-18.22
34.800,-135.2,-18.25
34.833,-139.8,-18.19
34.867,-144.0,-18.23
34.900,-148.2,-18.16
34.933,-152.0,-18.15
34.967,-155.6,-18.13
35.000,-158.7,-18.11
35.033,-161.5,-18.15
35.067,-164.0,-18.19
35.100,-166.2,-18.15
35.133,-167.9,-18.15
35.167,-169.4,-18.14
35.200,-170.4,-18.06
35.233,-171.0,-18.08
35.267,-171.2,-18.05
35.300,-170.9,-18.09
35.333,-170.3,-18.14
35.367,-169.3,-18.15
35.400,-167.8,-18.13
35.433,-165.9,-18.20
35.467,-163.8,-18.17
35.500,-161.2,-18.22
35.533,-158.2,-18.21
35.567,-155.0,-18.24
35.600,-151.4,-18.20
35.633,-147.5,-18.20
35.667,-143.3,-18.17
35.700,-138.8,-18.08
35.733,-134.1,-18.18
35.767,-129.4,-18.16
35.800,-124.4,-18.17
35.833,-119.3,-18.14
35.867,-114.1,-18.10
35.900,-108.8,-17.99
35.933,-103.3,-18.07
35.967,-97.90,-18.09
36.000,-92.59,-18.03
36.033,-87.18,-18.13
36.067,-81.89,-18.18
36.100,-76.74,-17.98
36.133,-71.50,-17.95
36.167,-66.50,-17.96
36.200,-61.65,-17.83
36.233,-57.06,-17.96
36.267,-52.65,-17.77
36.300,-48.41,-17.80
36.333,-44.49,-17.75
36.367,-40.84,-17.67
36.400,-37.43,-17.76
36.433,-34.44,-17.76
36.467,-31.79,-17.68
36.500,-29.38,-17.78
36.533,-27.45,-17.74
36.567,-25.88,-17.88
36.600,-24.83,-17.65
36.633,-23.99,-17.86
36.667,-23.64,-17.70
36.700,-23.55,-17.82
36.733,-23.93,-18.07
36.767,-24.85,-17.85
36.800,-25.94,-18.13
36.833,-27.57,-18.04
36.867,-29.48,-18.11
36.900,-31.83,-18.02
36.933,-34.39,-18.14
36.967,-37.41,-18.19
37.000,-40.65,-18.16
37.033,-44.24,-18.30
37.067,-48.17,-18.29
37.100,-52.36,-18.33
37.133,-56.82,-18.23
37.167,-61.30,-18.38
37.200,-66.12,-18.43
37.233,-71.16,-18.48
37.267,-76.35,-18.41
37.300,-81.59,-18.37
37.333,-86.90,-18.47
37.367,-92.38,-18.36
37.400,-97.77,-18.32
37.433,-103.1,-18.47
37.467,-108.5,-18.43
37.500,-113.8,-18.32
37.533,-118.9,-18.43
37.567,-124.1,-18.36
37.600,-129.1,-18.33
37.633,-133.9,-18.35
37.667,-138.6,-18.24
37.700,-143.0,-18.30
37.733,-147.1,-18.25
37.767,-151.0,-18.23
37.800,-154.6,-18.12
37.833,-157.8,-18.11
37.867,-160.6,-18.09
37.900,-163.1,-18.13
37.933,-165.4,-18.11
37.967,-167.2,-18.11
38.000,-168.7,-18.08
38.033,-169.6,-18.07
38.067,-170.3,-18.12
38.100,-170.7,-18.08
38.133,-170.5,-18.11
38.167,-170.0,-18.14
38.200,-169.2,-18.12
38.233,-168.0,-18.17
38.267,-166.2,-18.16
38.300,-164.1,-18.14
38.333,-161.8,-18.07
38.367,-158.9,-18.21
38.400,-155.9,-18.17
38.433,-152.3,-18.19
38.467,-148.5,-18.21
38.500,-144.5,-18.23
38.533,-140.2,-18.26
38.567,-135.8,-18.20
38.600,-130.9,-18.23
38.633,-126.2,-18.18
38.667,-121.1,-18.18
38.700,-116.0,-18.15
38.733,-110.8,-18.10
38.767,-105.2,-18.06
38.800,-99.90,-18.09
38.833,-94.53,-17.93
38.867,-89.10,-17.89
38.900,-83.76,-17.79
38.933,-78.43,-17.81
38.967,-73.23,-17.87
39.000,-68.27,-17.71
39.033,-63.39,-17.85
39.067,-58.67,-17.72
39.100,-54.10,-17.83
39.133,-49.90,-17.83
39.167,-46.06,-17.78
39.200,-42.38,-17.78
39.233,-38.98,-17.88
39.267,-35.98,-17.89
39.300,-33.24,-17.85
39.333,-30.81,-17.68
39.367,-28.60,-17.72
39.400,-26.85,-17.71
39.433,-25.43,-17.81
39.467,-24.44,-17.86
39.500,-23.91,-17.97
39.533,-23.89,-18.01
39.567,-24.28,-17.97
39.600,-24.99,-18.10
39.633,-26.13,-18.09
39.667,-27.60,-17.96
39.700,-29.34,-18.07
39.733,-31.51,-18.11
39.767,-34.06,-18.23
39.800,-37.03,-18.26
39.833,-40.27,-18.27
39.867,-43.84,-18.15
39.900,-47.50,-18.23
39.933,-51.52,-18.25
39.967,-55.81,-18.17
40.000,-60.28,-18.31
40.033,-65.10,-18.38
40.067,-70.09,-18.36
40.100,-75.20,-18.37
40.133,-80.42,-18.33
40.167,-85.68,-18.30
40.200,-90.95,-18.43
40.233,-96.46,-18.33
40.267,-101.8,-18.24
40.300,-107.2,-18.31
40.333,-112.5,-18.34
40.367,-117.6,-18.31
40.400,-122.7,-18.33
40.433,-127.6,-18.28
40.467,-132.4,-18.26
40.500,-137.1,-18.28
40.533,-141.5,-18.22
40.567,-145.7,-18.19
40.600,-149.5,-18.19
40.633,-153.2,-18.21
40.667,-156.5,-18.15
40.700,-159.5,-18.13
40.733,-162.1,-18.13
40.767,-164.5,-18.13
40.800,-166.3,-18.09
40.833,-167.9,-18.12
40.867,-169.3,-18.06
40.900,-170.1,-18.07
40.933,-170.5,-18.04
40.967,-170.4,-18.11
41.000,-169.9,-18.11
41.033,-169.2,-18.13
41.067,-168.0,-18.16
41.100,-166.4,-18.18
41.133,-164.4,-18.19
41.167,-162.2,-18.20
41.200,-159.3,-18.17
41.233,-156.3,-18.22
41.267,-153.0,-18.32
41.300,-149.4,-18.22
41.333,-145.5,-18.13
41.367,-141.3,-18.18
41.400,-136.8,-18.12
41.433,-132.1,-18.22
41.467,-127.4,-18.18
41.500,-122.3,-18.15
41.533,-117.3,-18.16
41.567,-112.1,-18.17
41.600,-106.8,-17.99
41.633,-101.4,-18.00
41.667,-95.99,-17.98
41.700,-90.69,-17.91
41.733,-85.23,-17.99
41.767,-79.96,-17.92
41.800,-74.86,-17.79
41.833,-69.67,-17.80
41.867,-64.75,-17.73
41.900,-59.99,-17.83
41.933,-55.56,-17.73
41.967,-51.20,-17.81
42.000,-47.21,-17.75
42.033,-43.46,-17.75
42.067,-39.93,-17.80
42.100,-36.71,-17.60
42.133,-33.75,-17.26
42.167,-31.13,-17.27
42.200,-29.00,-17.23
42.233,-27.29,-17.11
42.267,-25.86,-16.97
42.300,-24.67,-16.95
42.333,-23.97,-17.10
42.367,-23.78,-16.97
42.400,-23.80,-16.96
42.433,-24.27,-17.06
42.467,-25.24,-17.12
42.500,-26.54,-17.10
42.533,-28.27,-17.21
42.567,-30.32,-17.26
42.600,-32.77,-17.20
42.633,-35.39,-17.35
42.667,-38.48,-17.36
42.700,-41.88,-17.54
42.733,-45.71,-17.39
42.767,-49.65,-17.42
42.800,-53.80,-17.41
42.833,-58.19,-17.57
42.867,-63.10,-17.73
42.900,-68.03,-17.99
42.933,-73.14,-18.12
42.967,-78.32,-18.16
43.000,-83.57,-18.16
43.033,-88.86,-18.25
43.067,-94.19,-18.36
43.100,-99.61,-18.24
43.133,-104.9,-18.30
43.167,-110.3,-18.24
43.200,-115.5,-18.22
43.233,-120.7,-18.18
43.267,-125.6,-18.21
43.300,-130.4,-18.26
43.333,-135.1,-18.30
43.367,-139.7,-18.15
43.400,-143.9,-18.25
43.433,-148.1,-18.20
43.467,-151.9,-18.23
43.500,-155.4,-18.08
43.533,-158.5,-18.11
43.567,-161.3,-18.15
43.600,-163.7,-18.16
43.633,-165.7,-18.10
43.667,-167.3,-18.13
43.700,-168.6,-18.13
43.733,-169.4,-18.12
43.767,-170.0,-18.18
43.800,-170.1,-18.18
43.833,-169.9,-18.19
43.867,-169.3,-18.18
43.900,-168.3,-18.18
43.933,-166.9,-18.22
43.967,-165.2,-18.25
44.000,-163.0,-18.23
44.033,-160.4,-18.21
44.067,-157.6,-18.22
44.100,-154.3,-18.24
44.133,-150.7,-18.21
44.167,-146.8,-18.21
44.200,-142.6,-18.18
44.233,-138.2,-18.15
44.267,-133.6,-18.12
44.300,-128.7,-18.13
44.333,-123.7,-18.13
44.367,-118.5,-18.16
44.400,-113.4,-18.15
44.433,-108.1,-18.12
44.467,-102.8,-18.02
44.500,-97.36,-18.05
44.533,-91.93,-18.04
44.567,-86.70,-17.94
44.600,-81.37,-18.02
44.633,-76.19,-18.04
44.667,-71.14,-18.01
44.700,-66.27,-17.97
44.733,-61.52,-17.94
44.767,-56.95,-17.97
44.800,-52.69,-17.81
44.833,-48.51,-17.82
44.867,-44.58,-17.85
44.900,-41.04,-17.89
44.933,-37.88,-17.92
44.967,-35.07,-17.84
45.000,-32.45,-17.81
45.033,-30.19,-17.85
45.067,-28.33,-17.83
45.100,-26.82,-17.66
45.133,-25.55,-17.81
45.167,-24.75,-17.79
45.200,-24.31,-17.84
45.233,-24.32,-17.89
45.267,-24.79,-17.83
45.300,-25.48,-18.00
45.333,-26.67,-17.97
45.367,-28.24,-18.10
45.400,-30.19,-18.18
45.433,-32.52,-18.16
45.467,-35.18,-18.22
45.500,-38.19,-18.27
45.533,-41.54,-18.26
45.567,-45.12,-18.35
45.600,-49.07,-18.38
45.633,-53.31,-18.33
45.667,-57.59,-18.28
45.700,-62.15,-18.48
45.733,-66.97,-18.53
45.767,-72.00,-18.50
45.800,-77.14,-18.52
45.833,-82.37,-18.46
45.867,-87.61,-18.40
45.900,-92.87,-18.57
45.933,-98.32,-18.45
45.967,-103.7,-18.37
46.000,-108.9,-18.48
46.033,-114.3,-18.41
46.067,-119.4,-18.37
46.100,-124.5,-18.36
46.133,-129.4,-18.33
46.167,-134.1,-18.33
46.200,-138.7,-18.24
46.233,-142.9,-18.30
46.267,-147.1,-18.22
46.300,-150.9,-18.23
46.333,-154.5,-18.17
46.367,-157.6,-18.14
46.400,-160.5,-18.13
46.433,-163.0,-18.16
46.467,-165.2,-18.12
46.500,-167.0,-18.15
46.533,-168.5,-18.10
46.567,-169.5,-18.08
46.600,-170.2,-18.13
46.633,-170.5,-18.13
46.667,-170.3,-18.13
46.700,-169.7,-18.13
46.733,-168.8,-18.15
46.767,-167.4,-18.16
46.800,-165.6,-18.15
46.833,-163.5,-18.20
46.867,-161.1,-18.22
46.900,-158.3,-18.19
46.933,-155.2,-18.17
46.967,-151.8,-18.18
47.000,-148.0,-18.24
47.033,-144.1,-18.22
47.067,-139.9,-18.25
47.100,-135.5,-18.20
47.133,-130.8,-18.20
47.167,-125.8,-18.17
47.200,-120.7,-18.14
47.233,-115.4,-18.11
47.267,-110.2,-18.14
47.300,-104.9,-18.10
47.333,-99.56,-18.02
47.367,-94.16,-17.98
47.400,-88.83,-17.91
47.433,-83.44,-17.85
47.467,-78.23,-17.92
47.500,-73.12,-17.91
47.533,-68.18,-17.87
47.567,-63.42,-17.82
47.600,-58.73,-17.73
47.633,-54.25,-17.78
47.667,-50.11,-17.83
47.700,-46.28,-17.69
47.733,-42.61,-17.71
47.767,-39.17,-17.76
47.800,-36.18,-17.86
47.833,-33.45,-17.78
47.867,-31.08,-17.92
47.900,-29.14,-17.95
47.933,-27.51,-17.84
47.967,-26.20,-17.93
48.000,-25.32,-17.92
48.033,-24.80,-17.85
48.067,-24.59,-17.95
48.100,-24.81,-17.91
48.133,-25.41,-17.98
48.167,-26.40,-18.05
48.200,-27.87,-18.18
48.233,-29.77,-18.01
48.267,-31.90,-18.25
48.300,-34.53,-18.18
48.333,-37.39,-18.23
48.367,-40.57,-18.22
48.400,-44.08,-18.39
48.433,-47.91,-18.39
48.467,-52.09,-18.39
48.500,-56.40,-18.34
48.533,-60.93,-18.43
48.567,-65.73,-18.26
48.600,-70.56,-18.30
48.633,-75.54,-18.32
48.667,-80.58,-18.35
48.700,-85.77,-18.28
48.733,-91.04,-18.53
48.767,-96.43,-18.32
48.800,-101.7,-18.29
48.833,-107.1,-18.40
48.867,-112.4,-18.35
48.900,-117.5,-18.31
48.933,-122.5,-18.36
48.967,-127.5,-18.35
49.000,-132.2,-18.31
49.033,-136.8,-18.21
49.067,-141.1,-18.26
49.100,-145.2,-18.22
49.133,-149.2,-18.21
49.167,-152.9,-18.20
49.200,-156.2,-18.17
49.233,-159.2,-18.12
49.267,-161.9,-18.11
49.300,-164.3,-18.11
49.333,-166.2,-18.08
49.367,-167.7,-18.11
49.400,-168.8,-18.01
49.433,-169.4,-18.06
49.467,-169.7,-18.06
49.500,-169.6,-18.09
49.533,-169.1,-18.08
49.567,-168.3,-18.15
49.600,-167.2,-18.20
49.633,-165.6,-18.16
49.667,-163.5,-18.19
49.700,-161.3,-18.21
49.733,-158.6,-18.23
49.767,-155.5,-18.19
49.800,-152.2,-18.24
49.833,-148.5,-18.19
49.867,-144.6,-18.20
49.900,-140.4,-18.20
49.933,-136.1,-18.21
49.967,-131.6,-18.15
50.000,-126.7,-18.10
50.033,-121.7,-18.11
50.067,-116.6,-18.10
50.100,-111.4,-18.12
50.133,-106.1,-18.11
50.167,-100.8,-18.01
50.200,-95.41,-18.04
50.233,-90.12,-18.04
50.267,-84.86,-17.91
50.300,-79.57,-17.92
50.333,-74.39,-17.91
50.367,-69.39,-17.82
50.400,-64.56,-17.74
50.433,-59.88,-17.86
50.467,-55.51,-17.68
50.500,-51.26,-17.76
50.533,-47.30,-17.72
50.567,-43.60,-17.68
50.600,-40.12,-17.71
50.633,-37.08,-17.78
50.667,-34.28,-17.76
50.700,-31.80,-17.64
50.733,-29.55,-17.65
50.767,-27.70,-17.73
50.800,-26.29,-17.78
50.833,-25.30,-17.83
50.867,-24.62,-17.82
50.900,-24.35,-17.93
50.933,-24.48,-17.94
50.967,-25.04,-18.06
51.000,-26.09,-18.06
51.033,-27.49,-17.98
51.067,-29.13,-18.11
51.100,-31.25,-18.16
51.133,-33.63,-18.08
51.167,-36.32,-18.22
51.200,-39.41,-18.15
51.233,-42.80,-18.15
51.267,-46.43,-18.30
51.300,-50.40,-18.38
51.333,-54.56,-18.41
51.367,-58.99,-18.53
51.400,-63.72,-18.40
51.433,-68.49,-18.42
51.467,-73.45,-18.44
51.500,-78.54,-18.45
51.533,-83.74,-18.35
51.567,-88.97,-18.51
51.600,-94.37,-18.38
51.633,-99.64,-18.32
51.667,-104.9,-18.41
51.700,-110.3,-18.33
51.733,-115.6,-18.29
51.767,-120.7,-18.25
51.800,-125.5,-18.29
51.833,-130.3,-18.28
51.867,-135.0,-18.33
51.900,-139.5,-18.24
51.933,-143.7,-18.21
51.967,-147.5,-18.17
52.000,-151.2,-18.21
52.033,-154.7,-18.13
52.067,-157.7,-18.06
52.100,-160.3,-18.09
52.133,-162.8,-18.06
52.167,-164.7,-18.13
52.200,-166.3,-18.17
52.233,-167.6,-18.10
52.267,-168.5,-18.13
52.300,-169.0,-18.14
52.333,-169.2,-18.11
52.367,-169.0,-18.15
52.400,-168.3,-18.15
52.433,-167.3,-18.19
52.467,-165.7,-18.17
52.500,-163.8,-18.19
52.533,-161.5,-18.20
52.567,-158.9,-18.24
52.600,-156.2,-18.22
52.633,-153.0,-18.23
52.667,-149.6,-18.19
52.700,-145.7,-18.18
52.733,-141.5,-18.16
52.767,-137.2,-18.15
52.800,-132.6,-18.10
52.833,-127.8,-18.07
52.867,-122.9,-18.19
52.900,-118.0,-18.17
52.933,-112.9,-18.21
52.967,-107.8,-18.03
53.000,-102.4,-18.04
53.033,-97.15,-18.05
53.067,-91.84,-17.92
53.100,-86.49,-17.98
53.133,-81.25,-17.91
53.167,-76.15,-18.06
53.200,-71.24,-17.99
53.233,-66.34,-17.97
53.267,-61.70,-17.83
53.300,-57.15,-17.97
53.333,-52.93,-17.96
53.367,-48.96,-17.94
53.400,-45.30,-17.83
53.433,-41.72,-17.75
53.467,-38.42,-17.84
53.500,-35.48,-17.78
53.533,-32.93,-17.89
53.567,-30.78,-17.70
53.600,-28.81,-17.64
53.633,-27.24,-17.84
53.667,-26.19,-17.86
53.700,-25.48,-17.83
53.733,-25.15,-17.96
53.767,-25.20,-17.98
53.800,-25.66,-17.83
53.833,-26.41,-17.96
53.867,-27.60,-17.97
53.900,-29.18,-18.12
53.933,-31.21,-18.10
53.967,-33.49,-18.12
54.000,-36.13,-18.25
54.033,-39.15,-18.30
54.067,-42.44,-18.22
54.100,-46.07,-18.34
54.133,-49.94,-18.43
54.167,-54.16,-18.42
54.200,-58.50,-18.38
54.233,-63.02,-18.49
54.267,-67.82,-18.26
54.300,-72.62,-18.31
54.333,-77.57,-18.33
54.367,-82.73,-18.36
54.400,-87.86,-18.29
54.433,-93.01,-18.45
54.467,-98.36,-18.38
54.500,-103.7,-18.37
54.533,-108.8,-18.32
54.567,-113.9,-18.44
54.600,-119.1,-18.38
54.633,-124.2,-18.35
54.667,-129.0,-18.38
54.700,-133.8,-18.28
54.733,-138.2,-18.32
54.767,-142.4,-18.25
54.800,-146.4,-18.23
54.833,-150.2,-18.25
54.867,-153.6,-18.16
54.900,-156.7,-18.14
54.933,-159.4,-18.14
54.967,-161.9,-18.19
55.000,-164.1,-18.15
55.033,-165.9,-18.16
55.067,-167.5,-18.11
55.100,-168.4,-18.11
55.133,-169.1,-18.12
55.167,-169.4,-18.12
55.200,-169.2,-18.18
55.233,-168.7,-18.11
55.267,-167.6,-18.10
55.300,-166.2,-18.15
55.333,-164.6,-18.15
55.367,-162.5,-18.17
55.400,-160.1,-18.20
55.433,-157.4,-18.19
55.467,-154.3,-18.20
55.500,-150.9,-18.27
55.533,-147.3,-18.20
55.567,-143.3,-18.19
55.600,-139.0,-18.20
55.633,-134.6,-18.14
55.667,-129.9,-18.19
55.700,-125.2,-18.19
55.733,-120.2,-18.17
55.767,-115.1,-18.12
55.800,-109.9,-18.15
55.833,-104.7,-18.04
55.867,-99.35,-18.04
55.900,-94.05,-18.02
55.933,-88.80,-17.89
55.967,-83.44,-17.96
56.000,-78.34,-17.96
56.033,-73.26,-17.96
56.067,-68.34,-17.87
56.100,-63.60,-17.78
56.133,-58.91,-17.90
56.167,-54.64,-17.71
56.200,-50.47,-17.69
56.233,-46.57,-17.71
56.267,-42.93,-17.84
56.300,-39.65,-17.64
56.333,-36.55,-17.72
56.367,-33.82,-17.70
56.400,-31.35,-17.86
56.433,-29.45,-17.83
56.467,-27.82,-17.72
56.500,-26.44,-17.91
56.533,-25.56,-17.91
56.567,-25.06,-18.04
56.600,-25.02,-18.05
56.633,-25.40,-18.02
56.667,-26.12,-18.11
56.700,-27.22,-18.12
56.733,-28.67,-18.04
56.767,-30.44,-18.17
56.800,-32.62,-18.14
56.833,-35.13,-18.28
56.867,-38.06,-18.39
56.900,-41.29,-18.36
56.933,-44.81,-18.27
56.967,-48.45,-18.31
57.000,-52.46,-18.37
57.033,-56.76,-18.40
57.067,-61.19,-18.51
57.100,-65.98,-18.50
57.133,-70.89,-18.58
57.167,-76.00,-18.52
57.200,-81.11,-18.49
57.233,-86.36,-18.42
57.267,-91.59,-18.39
57.300,-96.87,-18.52
57.333,-102.3,-18.37
57.367,-107.5,-18.34
57.400,-112.7,-18.26
57.433,-117.7,-18.27
57.467,-122.6,-18.27
57.500,-127.5,-18.31
57.533,-132.2,-18.36
57.567,-136.8,-18.32
57.600,-141.0,-18.38
57.633,-145.2,-18.25
57.667,-149.1,-18.19
57.700,-152.7,-18.17
57.733,-155.9,-18.16
57.767,-158.7,-18.16
57.800,-161.2,-18.14
57.833,-163.4,-18.15
57.867,-165.2,-18.13
57.900,-166.8,-18.16
57.933,-167.8,-18.07
57.967,-168.4,-18.11
58.000,-168.6,-18.10
58.033,-168.6,-18.09
58.067,-168.2,-18.11
58.100,-167.4,-18.16
58.133,-166.1,-18.21
58.167,-164.5,-18.17
58.200,-162.5,-18.20
58.233,-160.2,-18.24
58.267,-157.5,-18.23
58.300,-154.5,-18.21
58.333,-151.2,-18.24
58.367,-147.6,-18.22
58.400,-143.6,-18.18
58.433,-139.4,-18.19
58.467,-135.1,-18.21
58.500,-130.6,-18.14
58.533,-125.8,-18.10
58.567,-120.8,-18.07
58.600,-115.6,-18.06
58.633,-110.5,-18.04
58.667,-105.3,-18.05
58.700,-100.1,-18.08
58.733,-94.88,-18.06
58.767,-89.73,-17.97
58.800,-84.40,-17.93
58.833,-79.29,-17.91
58.867,-74.25,-17.89
58.900,-69.37,-17.82
58.933,-64.58,-17.84
58.967,-59.95,-17.94
59.000,-55.62,-17.76
59.033,-51.39,-17.83
59.067,-47.43,-17.81
59.100,-43.74,-17.72
59.133,-40.26,-17.76
59.167,-37.26,-17.81
59.200,-34.50,-17.73
59.233,-32.04,-17.87
59.267,-30.04,-17.87
59.300,-28.41,-17.80
59.333,-27.08,-17.89
59.367,-26.14,-17.93
59.400,-25.59,-17.84
59.433,-25.33,-17.93
59.467,-25.52,-17.94
59.500,-26.06,-18.04
59.533,-27.11,-18.03
59.567,-28.45,-18.02
59.600,-30.17,-18.13
59.633,-32.21,-18.21
59.667,-34.69,-18.12
59.700,-37.34,-18.23
59.733,-40.40,-18.27
59.767,-43.84,-18.20
59.800,-47.36,-18.34
59.833,-51.36,-18.34
59.867,-55.49,-18.38
59.900,-59.83,-18.28
59.933,-64.39,-18.46
59.967,-69.15,-18.48
60.000,-74.15,-18.50
60.033,-79.29,-18.49
60.067,-84.47,-18.52
60.100,-89.65,-18.42
60.133,-94.86,-18.34
60.167,-100.1,-18.47
60.200,-105.3,-18.45
60.233,-110.6,-18.32
60.267,-115.8,-18.26
60.300,-120.7,-18.30
60.333,-125.5,-18.30
60.367,-130.2,-18.31
60.400,-134.9,-18.33
60.433,-139.4,-18.25
60.467,-143.5,-18.24
60.500,-147.4,-18.21
60.533,-151.0,-18.21
60.567,-154.5,-18.13
60.600,-157.5,-18.16
60.633,-160.1,-18.11
60.667,-162.5,-18.10
60.700,-164.4,-18.12
60.733,-166.0,-18.15
60.767,-167.3,-18.14
60.800,-168.2,-18.17
60.833,-168.7,-18.12
60.867,-168.6,-18.14
60.900,-168.3,-18.14
60.933,-167.6,-18.12
60.967,-166.4,-18.17
61.000,-164.9,-18.21
61.033,-163.2,-18.21
61.067,-161.0,-18.21
61.100,-158.6,-18.19
61.133,-155.7,-18.22
61.167,-152.4,-18.22
61.200,-148.9,-18.19
61.233,-145.0,-18.20
61.267,-141.1,-18.20
61.300,-136.9,-18.09
61.333,-132.2,-18.14
61.367,-127.5,-18.16
61.400,-122.6,-18.17
61.433,-117.5,-18.13
61.467,-112.4,-18.20
61.500,-107.2,-18.16
61.533,-102.0,-18.16
61.567,-96.82,-18.00
61.600,-91.47,-18.03
61.633,-86.30,-17.97
61.667,-81.12,-18.06
61.700,-76.12,-17.96
61.733,-71.22,-17.96
61.767,-66.43,-17.96
61.800,-61.74,-17.95
61.833,-57.20,-17.98
61.867,-53.01,-17.98
61.900,-49.13,-17.91
61.933,-45.39,-17.90
61.967,-41.94,-17.92
62.000,-38.88,-17.92
62.033,-36.18,-17.90
62.067,-33.65,-17.83
62.100,-31.39,-17.86
62.133,-29.55,-17.83
62.167,-28.05,-17.96
62.200,-27.09,-17.99
62.233,-26.41,-17.94
62.267,-26.10,-17.94
62.300,-26.24,-17.96
62.333,-26.72,-17.90
62.367,-27.42,-17.98
62.400,-28.63,-17.92
62.433,-30.13,-18.08
62.467,-32.15,-18.20
62.500,-34.44,-18.11
62.533,-37.10,-18.28
62.567,-40.11,-18.27
62.600,-43.41,-18.27
62.633,-47.03,-18.37
62.667,-50.92,-18.43
62.700,-55.07,-18.44
62.733,-59.44,-18.42
62.767,-63.98,-18.57
62.800,-68.76,-18.35
62.833,-73.53,-18.44
62.867,-78.48,-18.45
62.900,-83.49,-18.39
62.933,-88.66,-18.38
62.967,-93.82,-18.35
63.000,-98.95,-18.51
63.033,-104.2,-18.41
63.067,-109.4,-18.37
63.100,-114.5,-18.35
63.133,-119.5,-18.35
63.167,-124.5,-18.33
63.200,-129.3,-18.32
63.233,-133.9,-18.36
63.267,-138.5,-18.27
63.300,-142.6,-18.20
63.333,-146.5,-18.19
63.367,-150.1,-18.24
63.400,-153.6,-18.21
63.433,-156.6,-18.16
63.467,-159.3,-18.14
63.500,-161.7,-18.16
63.533,-163.6,-18.13
63.567,-165.3,-18.15
63.600,-166.7,-18.10
63.633,-167.6,-18.12
63.667,-168.1,-18.16
63.700,-168.4,-18.13
63.733,-168.2,-18.14
63.767,-167.7,-18.13
63.800,-166.6,-18.14
63.833,-165.2,-18.18
63.867,-163.5,-18.16
63.900,-161.4,-18.16
63.933,-159.0,-18.21
63.967,-156.3,-18.18
64.000,-153.3,-18.19
64.033,-149.9,-18.24
64.067,-146.2,-18.20
64.100,-142.3,-18.18
64.133,-138.1,-18.20
64.167,-133.8,-18.12
64.200,-129.2,-18.17
64.233,-124.4,-18.12
64.267,-119.5,-18.12
64.300,-114.4,-18.11
64.333,-109.2,-18.15
64.367,-104.0,-18.12
64.400,-98.78,-18.04
64.433,-93.42,-18.04
64.467,-88.25,-17.98
64.500,-83.04,-17.97
64.533,-78.04,-18.00
64.567,-73.11,-17.97
64.600,-68.21,-17.97
64.633,-63.53,-17.81
64.667,-59.03,-17.86
64.700,-54.75,-17.78
64.733,-50.52,-17.81
64.767,-46.71,-17.71
64.800,-43.11,-17.75
64.833,-39.89,-17.91
64.867,-37.03,-17.88
64.900,-34.46,-17.76
64.933,-32.20,-17.87
64.967,-30.28,-17.91
65.000,-28.70,-17.80
65.033,-27.38,-17.90
65.067,-26.49,-17.90
65.100,-26.05,-18.03
65.133,-26.11,-18.03
65.167,-26.42,-18.00
65.200,-27.10,-18.12
65.233,-28.22,-18.11
65.267,-29.69,-18.04
65.300,-31.44,-18.10
65.333,-33.61,-18.11
65.367,-36.16,-18.27
65.400,-39.05,-18.30
65.433,-42.29,-18.26
65.467,-45.74,-18.27
65.500,-49.43,-18.42
65.533,-53.43,-18.35
65.567,-57.65,-18.36
65.600,-62.03,-18.50
65.633,-66.79,-18.34
65.667,-71.45,-18.41
65.700,-76.45,-18.34
65.733,-81.46,-18.41
65.767,-86.57,-18.42
65.800,-91.73,-18.36
65.833,-96.96,-18.47
65.867,-102.3,-18.41
65.900,-107.4,-18.38
65.933,-112.6,-18.32
65.967,-117.6,-18.29
66.000,-122.5,-18.27
66.033,-127.3,-18.29
66.067,-132.0,-18.29
66.100,-136.5,-18.22
66.133,-140.7,-18.24
66.167,-144.7,-18.24
66.200,-148.4,-18.25
66.233,-151.9,-18.23
66.267,-155.2,-18.22
66.300,-158.1,-18.18
66.333,-160.7,-18.13
66.367,-162.7,-18.14
66.400,-164.5,-18.16
66.433,-165.9,-18.19
66.467,-167.1,-18.13
66.500,-167.9,-18.11
66.533,-168.0,-18.13
66.567,-168.0,-18.12
66.600,-167.6,-18.09
66.633,-166.8,-18.13
66.667,-165.4,-18.14
66.700,-163.9,-18.17
66.733,-161.9,-18.17
66.767,-159.6,-18.21
66.800,-156.9,-18.26
66.833,-153.9,-18.28
66.867,-150.7,-18.22
66.900,-147.1,-18.28
66.933,-143.2,-18.24
66.967,-139.2,-18.24
67.000,-135.0,-18.22
67.033,-130.5,-18.15
67.067,-125.7,-18.14
67.100,-120.9,-18.22
67.133,-116.0,-18.17
67.167,-110.9,-18.16
67.200,-105.8,-18.01
67.233,-100.4,-17.98
67.267,-95.13,-17.99
67.300,-90.07,-17.99
67.333,-84.91,-18.02
67.367,-79.93,-18.00
67.400,-74.99,-18.01
67.433,-70.16,-17.91
67.467,-65.46,-17.86
67.500,-60.95,-17.91
67.533,-56.66,-17.79
67.567,-52.45,-17.82
67.600,-48.48,-17.75
67.633,-44.83,-17.72
67.667,-41.38,-17.74
67.700,-38.30,-17.79
67.733,-35.61,-17.67
67.767,-33.11,-17.88
67.800,-31.11,-17.88
67.833,-29.47,-17.80
67.867,-28.15,-17.88
67.900,-27.27,-17.90
67.933,-26.71,-17.83
67.967,-26.44,-17.89
68.000,-26.54,-17.94
68.033,-27.11,-18.09
68.067,-28.13,-18.12
68.100,-29.47,-18.13
68.133,-31.10,-18.26
68.167,-33.19,-18.27
68.200,-35.59,-18.24
68.233,-38.26,-18.38
68.267,-41.25,-18.45
68.300,-44.50,-18.60
68.333,-48.06,-18.50
68.367,-51.93,-18.56
68.400,-56.27,-18.62
68.433,-60.57,-18.79
68.467,-65.05,-19.08
68.500,-69.82,-19.00
68.533,-74.55,-19.14
68.567,-79.53,-19.21
68.600,-84.46,-19.25
68.633,-89.53,-19.24
68.667,-94.67,-19.24
68.700,-99.78,-19.22
